../../../../../.git/annex/objects/zZ/5x/SHA256E-s1530590--a67f3db95f8e035c10bb45fb3fb2f5caf6314facf020d166da2e1604f3cd588e.tsv/SHA256E-s1530590--a67f3db95f8e035c10bb45fb3fb2f5caf6314facf020d166da2e1604f3cd588e.tsv